# transform file /usr/local/freesurfer/subjects/3220/mri/transforms/cc_up.lta
# created by ubuntu on Thu Feb  1 14:18:30 2018

type      = 0 # LINEAR_VOX_TO_VOX
nxforms   = 1
mean      = 127.0000 131.0000 128.0000
sigma     = 10000.0000
1 4 4
9.999572634696960e-01 -6.534064654260874e-03 -6.540279835462570e-03 4.443525314331055e+00 
6.533924955874681e-03 9.999786615371704e-01 -4.273552258382551e-05 1.819033241271973e+01 
6.540419533848763e-03 0.000000000000000e+00 9.999786019325256e-01 1.618481826782227e+01 
0.000000000000000e+00 0.000000000000000e+00 0.000000000000000e+00 1.000000000000000e+00 
src volume info
valid = 1  # volume info valid
filename = /usr/local/freesurfer/subjects/3220/mri/norm.mgz
volume = 256 256 256
voxelsize = 1.000000000000000e+00 1.000000000000000e+00 1.000000000000000e+00
xras   = -9.999999403953552e-01 0.000000000000000e+00 0.000000000000000e+00
yras   = 0.000000000000000e+00 0.000000000000000e+00 -9.999999403953552e-01
zras   = 0.000000000000000e+00 9.999999403953552e-01 0.000000000000000e+00
cras   = 7.283139648437500e+02 7.521951293945312e+02 2.710052871704102e+01
dst volume info
valid = 1  # volume info valid
filename = /usr/local/freesurfer/subjects/3220/mri/norm.mgz
volume = 256 256 256
voxelsize = 1.000000000000000e+00 1.000000000000000e+00 1.000000000000000e+00
xras   = -9.999999403953552e-01 0.000000000000000e+00 0.000000000000000e+00
yras   = 0.000000000000000e+00 0.000000000000000e+00 -9.999999403953552e-01
zras   = 0.000000000000000e+00 9.999999403953552e-01 0.000000000000000e+00
cras   = 7.283139648437500e+02 7.521951293945312e+02 2.710052871704102e+01
