# transform file /usr/local/freesurfer/subjects/3466/mri/transforms/cc_up.lta
# created by ubuntu on Sat Jan 27 15:27:16 2018

type      = 0 # LINEAR_VOX_TO_VOX
nxforms   = 1
mean      = 131.0000 144.0000 134.0000
sigma     = 10000.0000
1 4 4
9.983280897140503e-01 -4.735961556434631e-02 -3.313913941383362e-02 8.173730850219727e+00 
4.733354598283768e-02 9.988778829574585e-01 -1.571219880133867e-03 3.321872329711914e+01 
3.317636623978615e-02 0.000000000000000e+00 9.994494915008545e-01 1.081562805175781e+01 
0.000000000000000e+00 0.000000000000000e+00 0.000000000000000e+00 1.000000000000000e+00 
src volume info
valid = 1  # volume info valid
filename = /usr/local/freesurfer/subjects/3466/mri/norm.mgz
volume = 256 256 256
voxelsize = 1.000000000000000e+00 1.000000000000000e+00 1.000000000000000e+00
xras   = -9.999999403953552e-01 0.000000000000000e+00 0.000000000000000e+00
yras   = 0.000000000000000e+00 0.000000000000000e+00 -9.999999403953552e-01
zras   = 0.000000000000000e+00 9.999999403953552e-01 0.000000000000000e+00
cras   = 1.973857421875000e+02 2.931272583007812e+02 5.006822204589844e+02
dst volume info
valid = 1  # volume info valid
filename = /usr/local/freesurfer/subjects/3466/mri/norm.mgz
volume = 256 256 256
voxelsize = 1.000000000000000e+00 1.000000000000000e+00 1.000000000000000e+00
xras   = -9.999999403953552e-01 0.000000000000000e+00 0.000000000000000e+00
yras   = 0.000000000000000e+00 0.000000000000000e+00 -9.999999403953552e-01
zras   = 0.000000000000000e+00 9.999999403953552e-01 0.000000000000000e+00
cras   = 1.973857421875000e+02 2.931272583007812e+02 5.006822204589844e+02
