# transform file /usr/local/freesurfer/subjects/4104/mri/transforms/cc_up.lta
# created by ubuntu on Mon Jan 29 09:25:45 2018

type      = 0 # LINEAR_VOX_TO_VOX
nxforms   = 1
mean      = 127.0000 128.0000 113.0000
sigma     = 10000.0000
1 4 4
9.999564886093140e-01 8.874376304447651e-03 -2.873273333534598e-03 3.108826875686646e-01 
-8.874339051544666e-03 9.999606609344482e-01 2.549951022956520e-05 1.911999511718750e+01 
2.873386489227414e-03 1.818989403545856e-12 9.999958276748657e-01 2.963835716247559e+01 
0.000000000000000e+00 0.000000000000000e+00 0.000000000000000e+00 1.000000000000000e+00 
src volume info
valid = 1  # volume info valid
filename = /usr/local/freesurfer/subjects/4104/mri/norm.mgz
volume = 256 256 256
voxelsize = 1.000000000000000e+00 1.000000000000000e+00 1.000000000000000e+00
xras   = -1.000000000000000e+00 0.000000000000000e+00 0.000000000000000e+00
yras   = 0.000000000000000e+00 0.000000000000000e+00 -1.000000000000000e+00
zras   = 0.000000000000000e+00 1.000000000000000e+00 0.000000000000000e+00
cras   = 2.236440734863281e+02 2.948559570312500e+02 4.917626953125000e+02
dst volume info
valid = 1  # volume info valid
filename = /usr/local/freesurfer/subjects/4104/mri/norm.mgz
volume = 256 256 256
voxelsize = 1.000000000000000e+00 1.000000000000000e+00 1.000000000000000e+00
xras   = -1.000000000000000e+00 0.000000000000000e+00 0.000000000000000e+00
yras   = 0.000000000000000e+00 0.000000000000000e+00 -1.000000000000000e+00
zras   = 0.000000000000000e+00 1.000000000000000e+00 0.000000000000000e+00
cras   = 2.236440734863281e+02 2.948559570312500e+02 4.917626953125000e+02
