# transform file /usr/local/freesurfer/subjects/3029/mri/transforms/cc_up.lta
# created by ubuntu on Mon Jan 22 13:20:21 2018

type      = 0 # LINEAR_VOX_TO_VOX
nxforms   = 1
mean      = 130.0000 115.0000 119.0000
sigma     = 10000.0000
1 4 4
9.988114833831787e-01 4.148283973336220e-02 2.559253759682178e-02 -1.053666973114014e+01 
-4.146923124790192e-02 9.991393089294434e-01 -1.062565832398832e-03 4.563450622558594e+01 
-2.561458572745323e-02 1.164153357047226e-10 9.996719360351562e-01 2.239774513244629e+01 
0.000000000000000e+00 0.000000000000000e+00 0.000000000000000e+00 1.000000000000000e+00 
src volume info
valid = 1  # volume info valid
filename = /usr/local/freesurfer/subjects/3029/mri/norm.mgz
volume = 256 256 256
voxelsize = 1.000000000000000e+00 1.000000000000000e+00 1.000000000000000e+00
xras   = -1.000000000000000e+00 0.000000000000000e+00 0.000000000000000e+00
yras   = 0.000000000000000e+00 0.000000000000000e+00 -1.000000000000000e+00
zras   = 0.000000000000000e+00 1.000000000000000e+00 0.000000000000000e+00
cras   = 2.146080017089844e+02 2.975108032226562e+02 5.336870117187500e+02
dst volume info
valid = 1  # volume info valid
filename = /usr/local/freesurfer/subjects/3029/mri/norm.mgz
volume = 256 256 256
voxelsize = 1.000000000000000e+00 1.000000000000000e+00 1.000000000000000e+00
xras   = -1.000000000000000e+00 0.000000000000000e+00 0.000000000000000e+00
yras   = 0.000000000000000e+00 0.000000000000000e+00 -1.000000000000000e+00
zras   = 0.000000000000000e+00 1.000000000000000e+00 0.000000000000000e+00
cras   = 2.146080017089844e+02 2.975108032226562e+02 5.336870117187500e+02
