# transform file transforms/talairach_with_skull.lta
# created by ubuntu on Sun Jan 21 23:35:57 2018

type      = 0 # LINEAR_VOX_TO_VOX
nxforms   = 1
mean      = 133.0000 142.0000 126.0000
sigma     = 10000.0000
1 4 4
1.103711009025574e+00 6.599267572164536e-02 3.617232292890549e-02 -2.960864448547363e+01 
-6.819768995046616e-02 1.020197033882141e+00 2.641062736511230e-01 -1.577134609222412e+01 
-1.855354197323322e-02 -2.743366956710815e-01 1.052387475967407e+00 2.058078384399414e+01 
0.000000000000000e+00 0.000000000000000e+00 0.000000000000000e+00 1.000000000000000e+00 
src volume info
valid = 1  # volume info valid
filename = nu.mgz
volume = 256 256 256
voxelsize = 1.000000000000000e+00 1.000000000000000e+00 1.000000000000000e+00
xras   = -1.000000000000000e+00 0.000000000000000e+00 0.000000000000000e+00
yras   = 0.000000000000000e+00 0.000000000000000e+00 -1.000000000000000e+00
zras   = 0.000000000000000e+00 1.000000000000000e+00 0.000000000000000e+00
cras   = 2.146080017089844e+02 2.975108032226562e+02 5.336870117187500e+02
dst volume info
valid = 1  # volume info valid
filename = /usr/local/freesurfer/average/RB_all_withskull_2016-05-10.vc700.gca
volume = 256 256 256
voxelsize = 1.000000000000000e+00 1.000000000000000e+00 1.000000000000000e+00
xras   = -1.000000000000000e+00 0.000000000000000e+00 0.000000000000000e+00
yras   = 0.000000000000000e+00 0.000000000000000e+00 -1.000000000000000e+00
zras   = 0.000000000000000e+00 1.000000000000000e+00 0.000000000000000e+00
cras   = 0.000000000000000e+00 0.000000000000000e+00 0.000000000000000e+00
