# transform file /usr/local/freesurfer/subjects/3023/mri/transforms/cc_up.lta
# created by ubuntu on Mon Jan 22 12:11:50 2018

type      = 0 # LINEAR_VOX_TO_VOX
nxforms   = 1
mean      = 132.0000 112.0000 118.0000
sigma     = 10000.0000
1 4 4
9.985164999961853e-01 -4.002241045236588e-02 3.691637888550758e-02 -3.110580921173096e+00 
3.999508544802666e-02 9.991987347602844e-01 1.478667254559696e-03 3.067465591430664e+01 
-3.694598004221916e-02 -1.164153079491470e-10 9.993171691894531e-01 2.491366004943848e+01 
0.000000000000000e+00 0.000000000000000e+00 0.000000000000000e+00 1.000000000000000e+00 
src volume info
valid = 1  # volume info valid
filename = /usr/local/freesurfer/subjects/3023/mri/norm.mgz
volume = 256 256 256
voxelsize = 1.000000000000000e+00 1.000000000000000e+00 1.000000000000000e+00
xras   = -1.000000000000000e+00 0.000000000000000e+00 0.000000000000000e+00
yras   = 0.000000000000000e+00 0.000000000000000e+00 -1.000000000000000e+00
zras   = 0.000000000000000e+00 1.000000000000000e+00 0.000000000000000e+00
cras   = 1.914549560546875e+02 2.963361816406250e+02 5.384869995117188e+02
dst volume info
valid = 1  # volume info valid
filename = /usr/local/freesurfer/subjects/3023/mri/norm.mgz
volume = 256 256 256
voxelsize = 1.000000000000000e+00 1.000000000000000e+00 1.000000000000000e+00
xras   = -1.000000000000000e+00 0.000000000000000e+00 0.000000000000000e+00
yras   = 0.000000000000000e+00 0.000000000000000e+00 -1.000000000000000e+00
zras   = 0.000000000000000e+00 1.000000000000000e+00 0.000000000000000e+00
cras   = 1.914549560546875e+02 2.963361816406250e+02 5.384869995117188e+02
