# transform file /usr/local/freesurfer/subjects/3264/mri/transforms/cc_up.lta
# created by ubuntu on Wed Jan 24 10:07:55 2018

type      = 0 # LINEAR_VOX_TO_VOX
nxforms   = 1
mean      = 129.0000 93.0000 109.0000
sigma     = 10000.0000
1 4 4
9.984640479087830e-01 -4.555501416325569e-02 -3.153218701481819e-02 8.369250297546387e+00 
4.553231224417686e-02 9.989618659019470e-01 -1.437942031770945e-03 4.846765136718750e+01 
3.156495466828346e-02 0.000000000000000e+00 9.995017051696777e-01 2.206062889099121e+01 
0.000000000000000e+00 0.000000000000000e+00 0.000000000000000e+00 1.000000000000000e+00 
src volume info
valid = 1  # volume info valid
filename = /usr/local/freesurfer/subjects/3264/mri/norm.mgz
volume = 256 256 256
voxelsize = 1.000000000000000e+00 1.000000000000000e+00 1.000000000000000e+00
xras   = -1.000000000000000e+00 0.000000000000000e+00 0.000000000000000e+00
yras   = 0.000000000000000e+00 0.000000000000000e+00 -1.000000000000000e+00
zras   = 0.000000000000000e+00 1.000000000000000e+00 0.000000000000000e+00
cras   = 1.908220520019531e+02 2.940491027832031e+02 5.533217773437500e+02
dst volume info
valid = 1  # volume info valid
filename = /usr/local/freesurfer/subjects/3264/mri/norm.mgz
volume = 256 256 256
voxelsize = 1.000000000000000e+00 1.000000000000000e+00 1.000000000000000e+00
xras   = -1.000000000000000e+00 0.000000000000000e+00 0.000000000000000e+00
yras   = 0.000000000000000e+00 0.000000000000000e+00 -1.000000000000000e+00
zras   = 0.000000000000000e+00 1.000000000000000e+00 0.000000000000000e+00
cras   = 1.908220520019531e+02 2.940491027832031e+02 5.533217773437500e+02
