# transform file /usr/local/freesurfer/subjects/3223/mri/transforms/cc_up.lta
# created by ubuntu on Thu Feb  1 16:19:46 2018

type      = 0 # LINEAR_VOX_TO_VOX
nxforms   = 1
mean      = 128.0000 132.0000 129.0000
sigma     = 10000.0000
1 4 4
9.990491271018982e-01 3.199579939246178e-02 2.961679734289646e-02 -7.146193504333496e+00 
-3.198175132274628e-02 9.994880557060242e-01 -9.480985463596880e-04 1.526638698577881e+01 
-2.963196858763695e-02 0.000000000000000e+00 9.995608925819397e-01 1.284514999389648e+01 
0.000000000000000e+00 0.000000000000000e+00 0.000000000000000e+00 1.000000000000000e+00 
src volume info
valid = 1  # volume info valid
filename = /usr/local/freesurfer/subjects/3223/mri/norm.mgz
volume = 256 256 256
voxelsize = 1.000000000000000e+00 1.000000000000000e+00 1.000000000000000e+00
xras   = -1.000000000000000e+00 0.000000000000000e+00 0.000000000000000e+00
yras   = 0.000000000000000e+00 0.000000000000000e+00 -1.000000119209290e+00
zras   = 0.000000000000000e+00 1.000000000000000e+00 0.000000000000000e+00
cras   = 7.439211425781250e+02 7.567501831054688e+02 2.114891433715820e+01
dst volume info
valid = 1  # volume info valid
filename = /usr/local/freesurfer/subjects/3223/mri/norm.mgz
volume = 256 256 256
voxelsize = 1.000000000000000e+00 1.000000000000000e+00 1.000000000000000e+00
xras   = -1.000000000000000e+00 0.000000000000000e+00 0.000000000000000e+00
yras   = 0.000000000000000e+00 0.000000000000000e+00 -1.000000119209290e+00
zras   = 0.000000000000000e+00 1.000000000000000e+00 0.000000000000000e+00
cras   = 7.439211425781250e+02 7.567501831054688e+02 2.114891433715820e+01
