# transform file /usr/local/freesurfer/subjects/3028/mri/transforms/cc_up.lta
# created by ubuntu on Mon Jan 22 13:55:04 2018

type      = 0 # LINEAR_VOX_TO_VOX
nxforms   = 1
mean      = 130.0000 124.0000 113.0000
sigma     = 10000.0000
1 4 4
9.997494220733643e-01 1.668999344110489e-02 1.491669286042452e-02 -5.128098011016846e+00 
-1.668813638389111e-02 9.998607039451599e-01 -2.489941834937781e-04 3.020828056335449e+01 
-1.491877064108849e-02 -2.910383045673370e-11 9.998887181282043e-01 2.995056915283203e+01 
0.000000000000000e+00 0.000000000000000e+00 0.000000000000000e+00 1.000000000000000e+00 
src volume info
valid = 1  # volume info valid
filename = /usr/local/freesurfer/subjects/3028/mri/norm.mgz
volume = 256 256 256
voxelsize = 1.000000000000000e+00 1.000000000000000e+00 1.000000000000000e+00
xras   = -1.000000000000000e+00 0.000000000000000e+00 0.000000000000000e+00
yras   = 0.000000000000000e+00 0.000000000000000e+00 -1.000000000000000e+00
zras   = 0.000000000000000e+00 1.000000000000000e+00 0.000000000000000e+00
cras   = 2.274980010986328e+02 2.945812988281250e+02 5.459909667968750e+02
dst volume info
valid = 1  # volume info valid
filename = /usr/local/freesurfer/subjects/3028/mri/norm.mgz
volume = 256 256 256
voxelsize = 1.000000000000000e+00 1.000000000000000e+00 1.000000000000000e+00
xras   = -1.000000000000000e+00 0.000000000000000e+00 0.000000000000000e+00
yras   = 0.000000000000000e+00 0.000000000000000e+00 -1.000000000000000e+00
zras   = 0.000000000000000e+00 1.000000000000000e+00 0.000000000000000e+00
cras   = 2.274980010986328e+02 2.945812988281250e+02 5.459909667968750e+02
