# transform file /usr/local/freesurfer/subjects/3051/mri/transforms/cc_up.lta
# created by ubuntu on Mon Jan 22 12:17:59 2018

type      = 0 # LINEAR_VOX_TO_VOX
nxforms   = 1
mean      = 130.0000 116.0000 112.0000
sigma     = 10000.0000
1 4 4
9.990415573120117e-01 2.726277336478233e-02 3.424493223428726e-02 -6.218971729278564e+00 
-2.724677138030529e-02 9.996282458305359e-01 -9.339589742012322e-04 3.165063476562500e+01 
-3.425766527652740e-02 0.000000000000000e+00 9.994130134582520e-01 4.249038696289062e+01 
0.000000000000000e+00 0.000000000000000e+00 0.000000000000000e+00 1.000000000000000e+00 
src volume info
valid = 1  # volume info valid
filename = /usr/local/freesurfer/subjects/3051/mri/norm.mgz
volume = 256 256 256
voxelsize = 1.000000000000000e+00 1.000000000000000e+00 1.000000000000000e+00
xras   = -1.000000000000000e+00 0.000000000000000e+00 0.000000000000000e+00
yras   = 0.000000000000000e+00 0.000000000000000e+00 -1.000000000000000e+00
zras   = 0.000000000000000e+00 1.000000000000000e+00 0.000000000000000e+00
cras   = 2.027150268554688e+02 3.069344177246094e+02 5.276815795898438e+02
dst volume info
valid = 1  # volume info valid
filename = /usr/local/freesurfer/subjects/3051/mri/norm.mgz
volume = 256 256 256
voxelsize = 1.000000000000000e+00 1.000000000000000e+00 1.000000000000000e+00
xras   = -1.000000000000000e+00 0.000000000000000e+00 0.000000000000000e+00
yras   = 0.000000000000000e+00 0.000000000000000e+00 -1.000000000000000e+00
zras   = 0.000000000000000e+00 1.000000000000000e+00 0.000000000000000e+00
cras   = 2.027150268554688e+02 3.069344177246094e+02 5.276815795898438e+02
