# transform file /usr/local/freesurfer/subjects/3024/mri/transforms/cc_up.lta
# created by ubuntu on Mon Jan 22 12:30:01 2018

type      = 0 # LINEAR_VOX_TO_VOX
nxforms   = 1
mean      = 128.0000 129.0000 111.0000
sigma     = 10000.0000
1 4 4
9.975098371505737e-01 6.591617316007614e-02 -2.508395351469517e-02 -6.172149658203125e+00 
-6.589534133672714e-02 9.978251457214355e-01 1.657042070291936e-03 3.263671112060547e+01 
2.513862587511539e-02 0.000000000000000e+00 9.996839761734009e-01 2.175888061523438e+01 
0.000000000000000e+00 0.000000000000000e+00 0.000000000000000e+00 1.000000000000000e+00 
src volume info
valid = 1  # volume info valid
filename = /usr/local/freesurfer/subjects/3024/mri/norm.mgz
volume = 256 256 256
voxelsize = 1.000000000000000e+00 1.000000000000000e+00 1.000000000000000e+00
xras   = -1.000000000000000e+00 0.000000000000000e+00 0.000000000000000e+00
yras   = 0.000000000000000e+00 0.000000000000000e+00 -1.000000000000000e+00
zras   = 0.000000000000000e+00 1.000000000000000e+00 0.000000000000000e+00
cras   = 2.007319183349609e+02 2.937230834960938e+02 5.490969848632812e+02
dst volume info
valid = 1  # volume info valid
filename = /usr/local/freesurfer/subjects/3024/mri/norm.mgz
volume = 256 256 256
voxelsize = 1.000000000000000e+00 1.000000000000000e+00 1.000000000000000e+00
xras   = -1.000000000000000e+00 0.000000000000000e+00 0.000000000000000e+00
yras   = 0.000000000000000e+00 0.000000000000000e+00 -1.000000000000000e+00
zras   = 0.000000000000000e+00 1.000000000000000e+00 0.000000000000000e+00
cras   = 2.007319183349609e+02 2.937230834960938e+02 5.490969848632812e+02
