# transform file transforms/talairach.lta
# created by ubuntu on Sat Jan 27 04:14:28 2018

type      = 0 # LINEAR_VOX_TO_VOX
nxforms   = 1
mean      = 128.0000 128.0000 114.0000
sigma     = 10000.0000
1 4 4
9.977345466613770e-01 -5.130689963698387e-02 5.999178066849709e-02 -2.207296133041382e+00 
3.031183406710625e-02 9.995173811912537e-01 3.152635097503662e-01 -4.333246612548828e+01 
-7.150295376777649e-02 -2.908265590667725e-01 9.345785379409790e-01 4.603766632080078e+01 
0.000000000000000e+00 0.000000000000000e+00 0.000000000000000e+00 1.000000000000000e+00 
src volume info
valid = 1  # volume info valid
filename = nu.mgz
volume = 256 256 256
voxelsize = 1.000000000000000e+00 1.000000000000000e+00 1.000000000000000e+00
xras   = -1.000000000000000e+00 0.000000000000000e+00 0.000000000000000e+00
yras   = 0.000000000000000e+00 0.000000000000000e+00 -1.000000000000000e+00
zras   = 0.000000000000000e+00 1.000000000000000e+00 0.000000000000000e+00
cras   = 2.060000000000000e+02 2.725000000000000e+02 5.290000000000000e+02
dst volume info
valid = 1  # volume info valid
filename = /usr/local/freesurfer/average/RB_all_2016-05-10.vc700.gca
volume = 256 256 256
voxelsize = 1.000000000000000e+00 1.000000000000000e+00 1.000000000000000e+00
xras   = -1.000000000000000e+00 0.000000000000000e+00 0.000000000000000e+00
yras   = 0.000000000000000e+00 0.000000000000000e+00 -1.000000000000000e+00
zras   = 0.000000000000000e+00 1.000000000000000e+00 0.000000000000000e+00
cras   = 0.000000000000000e+00 0.000000000000000e+00 0.000000000000000e+00
