# transform file /usr/local/freesurfer/subjects/3222/mri/transforms/cc_up.lta
# created by ubuntu on Thu Feb  1 15:21:45 2018

type      = 0 # LINEAR_VOX_TO_VOX
nxforms   = 1
mean      = 127.0000 134.0000 125.0000
sigma     = 10000.0000
1 4 4
9.989987015724182e-01 -2.717412263154984e-02 3.554329276084900e-02 1.293056607246399e+00 
2.715693973004818e-02 9.996308088302612e-01 9.662145166657865e-04 1.551530933380127e+01 
-3.555642068386078e-02 0.000000000000000e+00 9.993677139282227e-01 2.054430961608887e+01 
0.000000000000000e+00 0.000000000000000e+00 0.000000000000000e+00 1.000000000000000e+00 
src volume info
valid = 1  # volume info valid
filename = /usr/local/freesurfer/subjects/3222/mri/norm.mgz
volume = 256 256 256
voxelsize = 1.000000000000000e+00 1.000000000000000e+00 1.000000000000000e+00
xras   = -1.000000000000000e+00 0.000000000000000e+00 0.000000000000000e+00
yras   = 0.000000000000000e+00 0.000000000000000e+00 -1.000000000000000e+00
zras   = 0.000000000000000e+00 1.000000000000000e+00 0.000000000000000e+00
cras   = 7.317882080078125e+02 7.843692626953125e+02 -1.676339721679688e+01
dst volume info
valid = 1  # volume info valid
filename = /usr/local/freesurfer/subjects/3222/mri/norm.mgz
volume = 256 256 256
voxelsize = 1.000000000000000e+00 1.000000000000000e+00 1.000000000000000e+00
xras   = -1.000000000000000e+00 0.000000000000000e+00 0.000000000000000e+00
yras   = 0.000000000000000e+00 0.000000000000000e+00 -1.000000000000000e+00
zras   = 0.000000000000000e+00 1.000000000000000e+00 0.000000000000000e+00
cras   = 7.317882080078125e+02 7.843692626953125e+02 -1.676339721679688e+01
