# transform file /usr/local/freesurfer/subjects/3271/mri/transforms/cc_up.lta
# created by ubuntu on Mon Jan 29 08:26:58 2018

type      = 0 # LINEAR_VOX_TO_VOX
nxforms   = 1
mean      = 127.0000 94.0000 113.0000
sigma     = 10000.0000
1 4 4
9.989592432975769e-01 3.196709230542183e-02 -3.253362327814102e-02 1.439420938491821e+00 
-3.195015341043472e-02 9.994888901710510e-01 1.040537143126130e-03 6.601409149169922e+01 
3.255026042461395e-02 0.000000000000000e+00 9.994700551033020e-01 1.888921165466309e+01 
0.000000000000000e+00 0.000000000000000e+00 0.000000000000000e+00 1.000000000000000e+00 
src volume info
valid = 1  # volume info valid
filename = /usr/local/freesurfer/subjects/3271/mri/norm.mgz
volume = 256 256 256
voxelsize = 1.000000000000000e+00 1.000000000000000e+00 1.000000000000000e+00
xras   = -1.000000000000000e+00 0.000000000000000e+00 0.000000000000000e+00
yras   = 0.000000000000000e+00 0.000000000000000e+00 -1.000000000000000e+00
zras   = 0.000000000000000e+00 1.000000000000000e+00 0.000000000000000e+00
cras   = 1.728947753906250e+02 2.897807922363281e+02 5.567357788085938e+02
dst volume info
valid = 1  # volume info valid
filename = /usr/local/freesurfer/subjects/3271/mri/norm.mgz
volume = 256 256 256
voxelsize = 1.000000000000000e+00 1.000000000000000e+00 1.000000000000000e+00
xras   = -1.000000000000000e+00 0.000000000000000e+00 0.000000000000000e+00
yras   = 0.000000000000000e+00 0.000000000000000e+00 -1.000000000000000e+00
zras   = 0.000000000000000e+00 1.000000000000000e+00 0.000000000000000e+00
cras   = 1.728947753906250e+02 2.897807922363281e+02 5.567357788085938e+02
