# transform file /usr/local/freesurfer/subjects/3462/mri/transforms/cc_up.lta
# created by ubuntu on Sat Jan 27 15:08:09 2018

type      = 0 # LINEAR_VOX_TO_VOX
nxforms   = 1
mean      = 131.0000 119.0000 115.0000
sigma     = 10000.0000
1 4 4
9.991644024848938e-01 -3.810396045446396e-02 -1.478370651602745e-02 4.149443149566650e+00 
3.809978812932968e-02 9.992737770080566e-01 -5.637271096929908e-04 2.620688247680664e+01 
1.479445025324821e-02 -5.820766091346741e-11 9.998905062675476e-01 1.709951210021973e+01 
0.000000000000000e+00 0.000000000000000e+00 0.000000000000000e+00 1.000000000000000e+00 
src volume info
valid = 1  # volume info valid
filename = /usr/local/freesurfer/subjects/3462/mri/norm.mgz
volume = 256 256 256
voxelsize = 1.000000000000000e+00 1.000000000000000e+00 1.000000000000000e+00
xras   = -9.999999403953552e-01 0.000000000000000e+00 0.000000000000000e+00
yras   = 0.000000000000000e+00 0.000000000000000e+00 -9.999999403953552e-01
zras   = 0.000000000000000e+00 9.999999403953552e-01 0.000000000000000e+00
cras   = 1.824092712402344e+02 3.004609375000000e+02 5.003685607910156e+02
dst volume info
valid = 1  # volume info valid
filename = /usr/local/freesurfer/subjects/3462/mri/norm.mgz
volume = 256 256 256
voxelsize = 1.000000000000000e+00 1.000000000000000e+00 1.000000000000000e+00
xras   = -9.999999403953552e-01 0.000000000000000e+00 0.000000000000000e+00
yras   = 0.000000000000000e+00 0.000000000000000e+00 -9.999999403953552e-01
zras   = 0.000000000000000e+00 9.999999403953552e-01 0.000000000000000e+00
cras   = 1.824092712402344e+02 3.004609375000000e+02 5.003685607910156e+02
