# transform file transforms/talairach_with_skull.lta
# created by ubuntu on Sat Jan 27 03:06:08 2018

type      = 0 # LINEAR_VOX_TO_VOX
nxforms   = 1
mean      = 131.0000 141.0000 126.0000
sigma     = 10000.0000
1 4 4
1.046474337577820e+00 -9.860266000032425e-03 -4.482728242874146e-02 -3.921560525894165e+00 
1.788322813808918e-02 1.166050076484680e+00 1.569807678461075e-01 -3.070326995849609e+01 
4.327019304037094e-02 -1.838259100914001e-01 1.041926503181458e+00 6.568235397338867e+00 
0.000000000000000e+00 0.000000000000000e+00 0.000000000000000e+00 1.000000000000000e+00 
src volume info
valid = 1  # volume info valid
filename = nu.mgz
volume = 256 256 256
voxelsize = 1.000000000000000e+00 1.000000000000000e+00 1.000000000000000e+00
xras   = -9.999999403953552e-01 0.000000000000000e+00 0.000000000000000e+00
yras   = 0.000000000000000e+00 0.000000000000000e+00 -9.999999403953552e-01
zras   = 0.000000000000000e+00 9.999999403953552e-01 0.000000000000000e+00
cras   = 1.824092712402344e+02 3.004609375000000e+02 5.003685607910156e+02
dst volume info
valid = 1  # volume info valid
filename = /usr/local/freesurfer/average/RB_all_withskull_2016-05-10.vc700.gca
volume = 256 256 256
voxelsize = 1.000000000000000e+00 1.000000000000000e+00 1.000000000000000e+00
xras   = -1.000000000000000e+00 0.000000000000000e+00 0.000000000000000e+00
yras   = 0.000000000000000e+00 0.000000000000000e+00 -1.000000000000000e+00
zras   = 0.000000000000000e+00 1.000000000000000e+00 0.000000000000000e+00
cras   = 0.000000000000000e+00 0.000000000000000e+00 0.000000000000000e+00
