# transform file /usr/local/freesurfer/subjects/3221/mri/transforms/cc_up.lta
# created by ubuntu on Thu Feb  1 15:58:35 2018

type      = 0 # LINEAR_VOX_TO_VOX
nxforms   = 1
mean      = 127.0000 126.0000 126.0000
sigma     = 10000.0000
1 4 4
9.993436932563782e-01 -3.556508198380470e-02 -6.889749318361282e-03 7.197930812835693e+00 
3.556423634290695e-02 9.993674159049988e-01 -2.451895852573216e-04 2.864080619812012e+01 
6.894110701978207e-03 0.000000000000000e+00 9.999763369560242e-01 2.014077949523926e+01 
0.000000000000000e+00 0.000000000000000e+00 0.000000000000000e+00 1.000000000000000e+00 
src volume info
valid = 1  # volume info valid
filename = /usr/local/freesurfer/subjects/3221/mri/norm.mgz
volume = 256 256 256
voxelsize = 1.000000000000000e+00 1.000000000000000e+00 1.000000000000000e+00
xras   = -1.000000000000000e+00 0.000000000000000e+00 0.000000000000000e+00
yras   = 0.000000000000000e+00 0.000000000000000e+00 -1.000000000000000e+00
zras   = 0.000000000000000e+00 1.000000000000000e+00 0.000000000000000e+00
cras   = 7.317881469726562e+02 7.802720947265625e+02 1.055494689941406e+01
dst volume info
valid = 1  # volume info valid
filename = /usr/local/freesurfer/subjects/3221/mri/norm.mgz
volume = 256 256 256
voxelsize = 1.000000000000000e+00 1.000000000000000e+00 1.000000000000000e+00
xras   = -1.000000000000000e+00 0.000000000000000e+00 0.000000000000000e+00
yras   = 0.000000000000000e+00 0.000000000000000e+00 -1.000000000000000e+00
zras   = 0.000000000000000e+00 1.000000000000000e+00 0.000000000000000e+00
cras   = 7.317881469726562e+02 7.802720947265625e+02 1.055494689941406e+01
