# transform file /usr/local/freesurfer/subjects/3027/mri/transforms/cc_up.lta
# created by ubuntu on Mon Jan 22 12:46:54 2018

type      = 0 # LINEAR_VOX_TO_VOX
nxforms   = 1
mean      = 129.0000 117.0000 118.0000
sigma     = 10000.0000
1 4 4
9.923137426376343e-01 -6.454062461853027e-02 1.055839583277702e-01 -4.897872924804688e+00 
6.417835503816605e-02 9.979151487350464e-01 6.828692276030779e-03 2.220210838317871e+01 
-1.058045551180840e-01 -4.656612873077393e-10 9.943869709968567e-01 2.718848609924316e+01 
0.000000000000000e+00 0.000000000000000e+00 0.000000000000000e+00 1.000000000000000e+00 
src volume info
valid = 1  # volume info valid
filename = /usr/local/freesurfer/subjects/3027/mri/norm.mgz
volume = 256 256 256
voxelsize = 1.000000000000000e+00 1.000000000000000e+00 1.000000000000000e+00
xras   = -1.000000000000000e+00 0.000000000000000e+00 0.000000000000000e+00
yras   = 0.000000000000000e+00 0.000000000000000e+00 -1.000000000000000e+00
zras   = 0.000000000000000e+00 1.000000000000000e+00 0.000000000000000e+00
cras   = 2.274979553222656e+02 2.976323852539062e+02 5.402979736328125e+02
dst volume info
valid = 1  # volume info valid
filename = /usr/local/freesurfer/subjects/3027/mri/norm.mgz
volume = 256 256 256
voxelsize = 1.000000000000000e+00 1.000000000000000e+00 1.000000000000000e+00
xras   = -1.000000000000000e+00 0.000000000000000e+00 0.000000000000000e+00
yras   = 0.000000000000000e+00 0.000000000000000e+00 -1.000000000000000e+00
zras   = 0.000000000000000e+00 1.000000000000000e+00 0.000000000000000e+00
cras   = 2.274979553222656e+02 2.976323852539062e+02 5.402979736328125e+02
